fingerstick  gold      age
                 
      82        0       37 
     112        0       47 
      82        0       20 
      87        1       51 
      80        0       54 
     132        1       48 
     113        1       49 
     207        1       63 
     186        1       70 
     121        0       62 
     108        0       50 
     272        1       58 
     250        1       50 
     149        1       78 
     198        1       60 
     299        1       53 
     190        1       75 
     134        1       45 
     107        0       57 
     183        1       53 
     103        0       40 
     156        0       51 
     345        1       54 
     109        0       50 
     373        1       52 
     439        1       57 
     306        1       50 
     222        1       54 
     274        1       65 
      96        0       74 
     111        0       70 
     128        0       60 
     207        1       67 
     110        1       48 
     173        0       70 
     117        0       60 
      93        0       35 
      79        0       35 
     116        0       65 
     102        0       62 
     283        1       46 
     104        0       70 
     114        0       28 
     244        1       37 
     278        1       55 
     229        1       50 
     297        1       60 
     345        1       53 
     146        0       82 
     101        0       60 
     115        0       70 
     158        1       40 
     154        1       45 
     217        1       42 
     291        1       55 
     110        1       60 
     105        0       32 
     105        0       27 
     142        0       77 
      96        0       52 
      93        0       23 
     140        0       62 
     232        1       72 
     120        0       60 
     141        0       65 
     137        0       84 
     100        0       42 
     314        1       43 
     272        1       52 
     102        0       25 
     113        1       60 
     107        0       55 
     207        0       67 
     109        0       60 
      87        0       64 
     130        1       58 
     183        1       67 
     104        0       60 
     119        0       46 
     101        0       60 
     118        0       51 
     107        0       64 
     130        0       42 
     110        0       58 
     133        1       63 
      96        0       40 
      95        0       54 
     133        0       48 
      97        0       52 
      92        0       41 
      89        0       35 
     100        0       54 
     115        1       42 
      91        0       64 
     127        0       65 
     122        0       60 
     113        0       43 
     113        0       55 
      81        0       70 
      76        0       20 
      85        0       35 
      93        0       22 
     107        0       52 
      98        0       48 
     114        0       57 
     126        0       56 
      88        0       58 
     105        0       37 
     133        0       45 
     100        0       34 
     116        0       30 
     120        0       43 
     107        0       45 
      75        0       54 
     104        0       50 
     110        0       45 
     124        0       40 
     169        1       53 
     275        0       48 
      79        0       48 
     219        1       42 
     111        0       62 
     223        1       54 
     153        1       52 
      85        0       27 
      85        0       60 
      99        0       21 
      72        0       65 
     136        0       80 
     445        1       40 
      86        0       55 
      99        0       52 
      81        0       49 
     249        1       70 
     165        1       47 
     407        1       55 
     229        1       55 
      87        0       23 
     432        1       58 
      78        0       23 
      97        0       46 
     109        1       51 
      83        0       20 
      88        0       48 
      92        0       46 
     102        0       48 
     100        0       48 
     109        0       21 
     108        0       40 
      86        0       70 
      84        0       26 
      95        0       52 
      99        0       66 
     100        0       61 
     175        1       58 
      70        0       32 
      78        0       40 
     270        1       39 
     106        1       47 
      87        0       58 
     150        1       60 
      76        0       23 
      88        0       31 
      74        0       64 
      89        0       40 
     109        0       60 
     330        1       58 
      82        1       47 
     106        1       38 
     118        0       47 
     106        0       20 
     110        0       43 
      74        0       22 
      81        0       46 
     145        0       48 
      71        0       23 
      85        0       26 
      86        0       72 
     109        0       21 
      96        0       46 
      74        0       45 
      72        0       40 
      57        0       65 
     182        0       63 
      90        0       54 
      90        0       52 
     232        1       65 
      84        0       35 
      72        0       48 
     189        1       50 
      83        0       31 
     112        1       45 
      84        0       52 
      96        0       40 
     103        0       43 
     108        0       40 
     104        1       63 
      90        0       42 
      66        0       68 
      90        0       43 
      97        0       45 
     131        0       60 
     239        0       77 
     108        1       54 
      91        1       53 
      91        0       44 
     189        1       66 
      88        0       35 
      77        0       22 
     104        0       30 
      87        0       25 
     139        1       44 
     100        0       58 
      79        0       36 
      77        0       30 
     213        0       50 
      91        0       52 
      74        0       41 
      86        0       54 
      91        1       70 
     151        0       80 
      82        0       25 
     116        0       61 
      88        0       41 
      79        0       40 
      88        1       52 
     282        1       63 
      78        0       27 
      90        0       44 
      88        0       32 
     340        1       58 
      74        0       48 
     238        1       42 
     103        0       30 
      76        0       76 
      91        0       62 
     330        1       28 
      75        0       61 
     374        1       53 
     484        1       42 
     396        1       54 
      80        0       70 
      92        0       50 
      78        0       42 
     105        0       61 
     370        1       64 
      96        0       65 
     173        1       52 
      92        0       51 
     107        0       38 
      88        0       50 
      63        0       29 
      96        0       50 
      87        0       31 
      82        0       24 
     100        1       50 
      80        0       60 
     156        1       50 
      89        1       60 
      70        0       56 
      84        0       40 
      95        0       29 
      82        0       48 
      99        0       54 
      80        1       65 
      84        0       26 
      92        0       43 
      84        0       39 
      99        0       52 
     116        1       55 
      77        0       28 
      75        0       21 
      65        0       49 
     139        1       27 
     122        0       55 
      77        0       42 
     137        0       71 
     227        1       63 
     124        1       47 
     215        1       66 
     119        1       53 
      80        0       33 
      72        0       57 
      79        0       43 
     107        0       89 
     210        1       46 
